1.96500000e+03 1.21000000e-02
1.96600000e+03 9.00000000e-04
1.96700000e+03 1.00000000e-04
1.96800000e+03 1.60000000e-03
1.96900000e+03 6.40000000e-03
1.97000000e+03 9.00000000e-04
1.97100000e+03 1.00000000e-02
1.97200000e+03 0.00000000e+00
1.97300000e+03 1.96000000e-02
1.97400000e+03 6.40000000e-03
1.97500000e+03 2.50000000e-03
1.97600000e+03 2.56000000e-02
1.97700000e+03 1.44000000e-02
1.97800000e+03 1.00000000e-04
1.97900000e+03 6.40000000e-03
1.98000000e+03 3.61000000e-02
1.98100000e+03 6.76000000e-02
1.98200000e+03 1.60000000e-03
1.98300000e+03 6.25000000e-02
1.98400000e+03 8.10000000e-03
1.98500000e+03 1.60000000e-03
1.98600000e+03 1.44000000e-02
1.98700000e+03 7.29000000e-02
1.98800000e+03 9.61000000e-02
1.98900000e+03 3.61000000e-02
1.99000000e+03 1.29600000e-01
1.99100000e+03 1.22500000e-01
1.99200000e+03 1.69000000e-02
1.99300000e+03 1.69000000e-02
1.99400000e+03 5.29000000e-02
1.99500000e+03 1.36900000e-01
1.99600000e+03 8.41000000e-02
1.99700000e+03 1.52100000e-01
1.99800000e+03 3.13600000e-01
1.99900000e+03 1.02400000e-01
2.00000000e+03 1.08900000e-01
2.00100000e+03 2.20900000e-01
2.00200000e+03 3.13600000e-01
2.00300000e+03 3.02500000e-01
2.00400000e+03 2.30400000e-01
2.00500000e+03 3.84400000e-01
2.00600000e+03 3.02500000e-01
2.00700000e+03 3.36400000e-01
2.00800000e+03 1.93600000e-01
2.00900000e+03 3.36400000e-01
2.01000000e+03 3.96900000e-01
