0.0 6277.6964201476185
0.02442002442002442 6381.608620416119
0.04884004884004884 43624.3965780376
0.07326007326007326 64280.73300083075
0.09768009768009768 78761.18557872482
0.1221001221001221 135155.06244907444
0.14652014652014653 68857.32402722989
0.17094017094017094 206773.32245076983
0.19536019536019536 281116.9906164703
0.21978021978021978 104031.83497048718
0.2442002442002442 248252.26842151926
0.2686202686202686 546401.7595377868
0.29304029304029305 440787.1728842547
0.31746031746031744 350804.0998616913
0.3418803418803419 738096.853222065
0.3663003663003663 831349.1672710879
0.3907203907203907 633595.1233268058
0.41514041514041516 705884.3827712346
0.43956043956043955 854199.8725949347
0.463980463980464 815279.0305766342
0.4884004884004884 676837.9651977058
0.5128205128205128 645408.361051441
0.5372405372405372 735956.3409380701
0.5616605616605617 749977.5524179586
0.5860805860805861 668099.672913361
0.6105006105006106 589691.0344229749
0.6349206349206349 497065.91813904326
0.6593406593406593 401871.28882691474
0.6837606837606838 402400.9408264364
0.7081807081807082 513875.19226188376
0.7326007326007326 639975.3930589259
0.757020757020757 694005.2866051095
0.7814407814407814 655291.823996289
0.8058608058608059 554025.9961466978
0.8302808302808303 458565.46712853975
0.8547008547008547 455328.3578421245
0.8791208791208791 587697.2148696182
0.9035409035409036 806578.3057331871
0.927960927960928 1000840.33115064
0.9523809523809523 1088065.0838057683
0.9768009768009768 1075603.932010116
1.0012210012210012 1041716.1456141064
1.0256410256410255 1063494.586467225
1.05006105006105 1161558.3310596691
1.0744810744810744 1296957.6750331502
1.098901098901099 1407151.2668790957
1.1233211233211233 1447180.4921617026
1.1477411477411477 1411148.7074053758
1.1721611721611722 1326074.5932364832
1.1965811965811965 1230278.5944245916
1.221001221001221 1151605.6386124557
1.2454212454212454 1097513.8430306008
1.2698412698412698 1064049.9163724713
1.2942612942612943 1041840.315766464
1.3186813186813187 1031142.3496835564
1.343101343101343 1040372.4041720913
1.3675213675213675 1077579.583363789
1.3919413919413919 1142974.6636142398
1.4163614163614164 1223502.798539549
1.4407814407814408 1296216.944313304
1.465201465201465 1339816.1354884712
1.4896214896214897 1340235.8523001883
1.514041514041514 1297465.24021004
1.5384615384615385 1224032.6305064957
1.5628815628815629 1140510.541276016
1.5873015873015872 1069130.4366954416
1.6117216117216118 1026629.0365873043
1.636141636141636 1023247.5454761825
1.6605616605616607 1059055.3575099572
1.684981684981685 1124373.1024074652
1.7094017094017093 1202126.5393996027
1.7338217338217339 1271645.9624329768
1.7582417582417582 1314449.633995662
1.7826617826617828 1317249.7998144352
1.807081807081807 1275970.7789731175
1.8315018315018314 1195574.700898427
1.855921855921856 1088580.9171618572
1.8803418803418803 971070.5192838138
1.9047619047619047 858197.7996702509
1.9291819291819292 761816.1777617659
1.9536019536019535 687573.3619240645
1.978021978021978 635811.654561303
2.0024420024420024 602646.5630284565
2.0268620268620268 582745.84565717
2.051282051282051 570570.9485006524
2.075702075702076 562159.4892723149
2.1001221001221 556015.051211589
2.1245421245421245 552254.1516354635
2.148962148962149 551974.7793757004
2.173382173382173 556327.8117721219
2.197802197802198 566304.5314695716
2.2222222222222223 581268.6418009516
2.2466422466422467 600054.2697459138
2.271062271062271 620934.574345683
2.2954822954822953 641495.715707353
2.31990231990232 659718.765495468
2.3443223443223444 674077.4303539738
2.3687423687423688 683320.2039963397
2.393162393162393 687309.5641952044
2.4175824175824174 686041.6646292219
2.442002442002442 679875.9187675987
2.4664224664224665 669597.9225494985
2.490842490842491 656001.4189182139
2.515262515262515 639721.9107759895
2.5396825396825395 621607.9279563159
2.5641025641025643 602396.6774874288
2.5885225885225887 582457.4159004992
2.612942612942613 562248.497885194
2.6373626373626373 542214.7931855242
2.6617826617826617 522559.94837467326
2.686202686202686 503452.1058706669
2.7106227106227108 485280.4639911235
2.735042735042735 468274.5537804596
2.7594627594627594 452561.2594455366
2.7838827838827838 438695.1770623426
2.808302808302808 426942.63579112914
2.832722832722833 417510.1802586002
2.857142857142857 410688.102618228
2.8815628815628815 406985.5776217372
2.905982905982906 406711.92891018064
2.93040293040293 410218.47482614336
2.954822954822955 417688.26203525084
2.9792429792429793 429461.7670468054
3.0036630036630036 445905.26666503574
3.028083028083028 466659.8614153896
3.0525030525030523 491983.03077972826
3.076923076923077 521734.1195414728
3.1013431013431014 555692.0424476851
3.1257631257631258 593391.5273420428
3.15018315018315 634139.6340216422
3.1746031746031744 676915.7542800147
3.199023199023199 720976.4941252158
3.2234432234432235 765043.3208395542
3.247863247863248 807845.3005658753
3.272283272283272 848139.6997882084
3.2967032967032965 884557.8552347644
3.3211233211233213 915942.0143644026
3.3455433455433456 941398.6406624399
3.36996336996337 960093.8398088597
3.3943833943833943 971540.3766875502
3.4188034188034186 975509.6981908529
3.4432234432234434 972079.7130324463
3.4676434676434678 961574.7498091509
3.492063492063492 944374.6504925003
3.5164835164835164 921570.3249456132
3.5409035409035408 893839.9005943317
3.5653235653235655 862083.7062151944
3.58974358974359 827271.2833435547
3.614163614163614 790318.8259306332
3.6385836385836385 751862.8657384336
3.663003663003663 712878.6713712009
3.687423687423687 673893.2951668145
3.711843711843712 635350.6074153351
3.7362637362637363 597641.21545278
3.7606837606837606 561095.0139400671
3.785103785103785 525887.1655593287
3.8095238095238093 492098.18161951797
3.833943833943834 459946.83567531046
3.8583638583638584 429510.6148884943
3.8827838827838828 400879.08031706396
3.907203907203907 374088.94452826004
3.9316239316239314 349361.6965623348
3.956043956043956 326738.1493680274
3.9804639804639805 306321.72019661765
4.004884004884005 288174.6981036684
4.029304029304029 272458.7889508097
4.0537240537240535 259215.79411570306
4.078144078144078 248493.52539702962
4.102564102564102 240209.90816383605
4.126984126984127 234382.3751292518
4.151404151404152 230866.22978048516
4.175824175824176 229472.25223414198
4.2002442002442 230035.60494142995
4.224664224664225 232237.77986243463
4.249084249084249 235833.56675091467
4.273504273504273 240504.90648199644
4.297924297924298 245886.94356258327
4.322344322344322 251669.170732597
4.346764346764346 257521.7968874819
4.371184371184371 263141.9715474131
4.395604395604396 268258.85027587245
4.42002442002442 272571.8735100563
4.444444444444445 275933.10583270487
4.468864468864469 278158.16947502294
4.493284493284493 279125.3126164965
4.517704517704518 278787.0133448553
4.542124542124542 277080.4566408451
4.566544566544566 274028.0616154552
4.590964590964591 269675.6179785375
4.615384615384615 264157.75181101187
4.63980463980464 257551.25871785055
4.6642246642246645 250051.73926249158
4.688644688644689 241779.64317749324
4.713064713064713 232934.26962628408
4.7374847374847375 223655.61908339555
4.761904761904762 214139.1740425613
4.786324786324786 204567.7465484567
4.8107448107448105 195127.9602625052
4.835164835164835 185933.05793290143
4.859584859584859 177147.90467920713
4.884004884004884 168877.3144775022
4.908424908424909 161219.43558170146
4.932844932844933 154257.8210382376
4.957264957264957 148042.4653817139
4.981684981684982 142610.39661589407
5.006105006105006 137983.20055546783
5.03052503052503 134146.4519368106
5.054945054945055 131109.36735355554
5.079365079365079 128851.87579980379
5.103785103785103 127290.6102548032
5.128205128205129 126440.29006509506
5.152625152625153 126176.77409626631
5.177045177045177 126484.83833438843
5.201465201465202 127279.38336544481
5.225885225885226 128513.953013878
5.25030525030525 130119.51338615046
5.274725274725275 132014.36092096224
5.299145299145299 134184.75855235202
5.323565323565323 136521.19756896744
5.347985347985348 138978.5724344713
5.372405372405372 141522.01705011333
5.396825396825397 144111.94744815727
5.4212454212454215 146679.82202042456
5.445665445665446 149197.97622165785
5.47008547008547 151631.7436920252
5.4945054945054945 153954.5980277459
5.518925518925519 156145.75425563738
5.543345543345543 158159.8408943203
5.5677655677655675 159982.51563402315
5.592185592185592 161606.03356484993
5.616605616605616 163013.3486153869
5.641025641025641 164191.1698424936
5.665445665445666 165146.24881688447
5.68986568986569 165831.18589934232
5.714285714285714 166277.85588401317
5.738705738705739 166471.98650592577
5.763125763125763 166420.06055144558
5.787545787545787 166113.89081402007
5.811965811965812 165560.0848209267
5.836385836385836 164755.37642674404
5.86080586080586 163711.83689280166
5.885225885225886 162446.97962266023
5.90964590964591 160966.01674818824
5.934065934065934 159280.18897823434
5.958485958485959 157389.6598612948
5.982905982905983 155313.33414197937
6.007326007326007 153045.5613188233
6.031746031746032 150640.43204509336
6.056166056166056 148101.28342260537
6.08058608058608 145436.84244914202
6.105006105006105 142666.13773966386
6.12942612942613 139804.96526959422
6.153846153846154 136867.81005474905
6.1782661782661785 133881.596390081
6.202686202686203 130863.30309114698
6.227106227106227 127819.71536502142
6.2515262515262515 124782.77426586482
6.275946275946276 121752.85328513246
6.3003663003663 118755.03316437833
6.3247863247863245 115785.80622618474
6.349206349206349 112877.38845959876
6.373626373626373 110029.93460173825
6.398046398046398 107260.73477472049
6.422466422466423 104573.49987161285
6.446886446886447 101965.03713042155
6.471306471306471 99437.94437292081
6.495726495726496 97013.10074223684
6.52014652014652 94680.49093346891
6.544566544566544 92451.2968714169
6.568986568986569 90316.07110204152
6.593406593406593 88270.61143122436
6.617826617826617 86310.8056285669
6.642246642246643 84435.20960087718
6.666666666666667 82647.39950891737
6.691086691086691 80936.21365834781
6.715506715506716 79295.45838750062
6.73992673992674 77723.3393288215
6.764346764346764 76216.04236010858
6.788766788766789 74756.42873151778
6.813186813186813 73349.99584821697
6.837606837606837 71986.46257168124
6.862026862026862 70674.20370229252
6.886446886446887 69381.31182318731
6.910866910866911 68129.01465952843
6.9352869352869355 66902.62511720238
6.95970695970696 65694.04722976651
6.984126984126984 64506.142521051486
7.0085470085470085 63336.41977156958
7.032967032967033 62183.6831595917
7.057387057387057 61043.29876306037
7.0818070818070815 59917.34043413395
7.106227106227106 58801.031177826044
7.130647130647131 57694.537593618435
7.155067155067155 56602.161980875884
7.17948717948718 55521.3641090443
7.203907203907204 54452.441645811254
7.228327228327228 53392.363948591825
7.252747252747253 52345.10660926147
7.277167277167277 51315.09662340511
7.301587301587301 50303.86815311653
7.326007326007326 49307.59775149962
7.35042735042735 48335.477965312646
7.374847374847374 47379.544071063494
7.3992673992674 46447.29654006334
7.423687423687424 45535.63837514144
7.448107448107448 44651.22989416961
7.472527472527473 43794.82345827938
7.496947496947497 42963.93708317465
7.521367521367521 42159.86080230352
7.545787545787546 41384.24559536389
7.57020757020757 40642.70756340586
7.594627594627594 39927.081685867495
7.619047619047619 39246.87482071706
7.643467643467644 38597.32384777115
7.667887667887668 37977.99726598321
7.6923076923076925 37389.88273216601
7.716727716727717 36836.861727921736
7.741147741147741 36314.359998635984
7.7655677655677655 35826.67372960588
7.78998778998779 35367.51630923561
7.814407814407814 34940.443666337545
7.8388278388278385 34543.04581627544
7.863247863247863 34173.816266267524
7.887667887667888 33835.12371702388
7.912087912087912 33523.17633982984
7.936507936507937 33238.733769208666
7.960927960927961 32982.31058428793
7.985347985347985 32752.90810511505
8.00976800976801 32547.5013568099
8.034188034188034 32368.52004961944
8.058608058608058 32208.783114541082
8.083028083028083 32071.86288514294
8.107448107448107 31953.93711766479
8.131868131868131 31857.69207120732
8.156288156288156 31780.544473387698
8.18070818070818 31720.12115323404
8.205128205128204 31681.82484393092
8.229548229548229 31655.08721773797
8.253968253968255 31642.25664487714
8.27838827838828 31642.331452089653
8.302808302808304 31654.769788948874
8.327228327228328 31676.492398382536
8.351648351648352 31712.598102199074
8.376068376068377 31753.843720369503
8.4004884004884 31803.676445841484
8.424908424908425 31860.126671877046
8.44932844932845 31922.29837864792
8.473748473748474 31986.98921681598
8.498168498168498 32058.632706949524
8.522588522588523 32131.05387098009
8.547008547008547 32207.23745039921
8.571428571428571 32281.465461319658
8.595848595848596 32354.089924363183
8.62026862026862 32425.878058093815
8.644688644688644 32496.954630678418
8.669108669108669 32565.145183691802
8.693528693528693 32627.28568893193
8.717948717948717 32687.162419990087
8.742368742368742 32742.545769251832
8.766788766788768 32793.86540723707
8.791208791208792 32835.45891213375
8.815628815628816 32873.39817852059
8.84004884004884 32904.89906305643
8.864468864468865 32929.88316134362
8.88888888888889 32944.86648724054
8.913308913308914 32954.07793777523
8.937728937728938 32957.57655062378
8.962148962148962 32951.9798395541
8.986568986568987 32938.77321554785
9.010989010989011 32915.75370047835
9.035409035409035 32884.20766843127
9.05982905982906 32843.67114952619
9.084249084249084 32795.54269142735
9.108669108669108 32738.942449155144
9.133089133089133 32674.627527832698
9.157509157509157 32602.3850968749
9.181929181929181 32521.024275456173
9.206349206349206 32431.914225906643
9.23076923076923 32336.850739700407
9.255189255189256 32233.50227324671
9.27960927960928 32123.199018093386
9.304029304029305 32003.699250765712
9.328449328449329 31875.843803122134
9.352869352869353 31742.010158777462
9.377289377289378 31602.665221314415
9.401709401709402 31455.29226843849
9.426129426129426 31302.49724210834
9.45054945054945 31142.114732063925
9.474969474969475 30974.32524866618
9.4993894993895 30802.310279896938
9.523809523809524 30624.163117731157
9.548229548229548 30441.31246700533
9.572649572649572 30252.249562792345
9.597069597069597 30059.013308282476
9.621489621489621 29859.635937164705
9.645909645909645 29653.530008848127
9.67032967032967 29444.81699938375
9.694749694749694 29232.104444084423
9.719169719169718 29014.763081291527
9.743589743589743 28794.312487569918
9.768009768009769 28569.95202184998
9.792429792429793 28341.345417711924
9.816849816849818 28110.629358063125
9.841269841269842 27878.433516468056
9.865689865689866 27642.283238771135
9.89010989010989 27405.2807917898
9.914529914529915 27166.855262182165
9.93894993894994 26926.42292259572
9.963369963369964 26684.88513342076
9.987789987789988 26443.47664821437
10.012210012210012 26202.25890701916
10.036630036630036 25961.84163073054
10.06105006105006 25721.68306190657
10.085470085470085 25482.52480914514
10.10989010989011 25244.076429166525
10.134310134310134 25007.02352394517
10.158730158730158 24773.692695513597
10.183150183150182 24543.113811296003
10.207570207570207 24315.914230326638
10.231990231990231 24090.058568835335
10.256410256410257 23867.683649872826
10.280830280830282 23649.537676078897
10.305250305250306 23435.29053239718
10.32967032967033 23223.708736458382
10.354090354090355 23016.880848562254
10.378510378510379 22815.2210666461
10.402930402930403 22619.447915795205
10.427350427350428 22426.772059068087
10.451770451770452 22239.994660555494
10.476190476190476 22059.426213420287
10.5006105006105 21883.615113654156
10.525030525030525 21714.650930216736
10.54945054945055 21549.309409485624
10.573870573870574 21390.69945756301
10.598290598290598 21237.239694046722
10.622710622710622 21090.336810175184
10.647130647130647 20947.068036824985
10.671550671550671 20810.23631847049
10.695970695970695 20678.474319193832
10.72039072039072 20551.337554585913
10.744810744810744 20429.597014787923
10.76923076923077 20313.955551284573
10.793650793650794 20202.78411029745
10.818070818070819 20095.96965384778
10.842490842490843 19993.806295928414
10.866910866910867 19896.510398157807
10.891330891330892 19801.826589328964
10.915750915750916 19712.64634032715
10.94017094017094 19627.255140524343
10.964590964590965 19546.207706948637
10.989010989010989 19466.443808233715
11.013431013431013 19390.360820097652
11.037851037851038 19318.04552919141
11.062271062271062 19248.309907604533
11.086691086691086 19181.19004735573
11.11111111111111 19115.633738472647
11.135531135531135 19051.955407583046
11.15995115995116 18989.41154364754
11.184371184371184 18927.932386899658
11.208791208791208 18866.981689813496
11.233211233211232 18807.086114292768
11.257631257631258 18748.556383217976
11.282051282051283 18689.61104039395
11.306471306471307 18631.035349590788
11.330891330891331 18571.754226695593
11.355311355311356 18513.048713816228
11.37973137973138 18451.883820777188
11.404151404151404 18390.667731253987
11.428571428571429 18328.29010481982
11.452991452991453 18263.706578706136
11.477411477411477 18198.243392940058
11.501831501831502 18130.808002601603
11.526251526251526 18060.426477134664
11.55067155067155 17989.486377189965
11.575091575091575 17915.29984118762
11.5995115995116 17838.79178673873
11.623931623931623 17759.251951941496
11.648351648351648 17677.78978525421
11.672771672771672 17592.59714018607
11.697191697191696 17504.087157763803
11.72161172161172 17412.926312322143
11.746031746031745 17317.880144693907
11.770451770451771 17221.17847273037
11.794871794871796 17119.94770965178
11.81929181929182 17015.375813974548
11.843711843711844 16907.151078282317
11.868131868131869 16796.365093210105
11.892551892551893 16682.570645730542
11.916971916971917 16565.70861411532
11.941391941391942 16445.17575552435
11.965811965811966 16320.20779083628
11.99023199023199 16193.715591822185
12.014652014652015 16062.897551651888
12.039072039072039 15930.954089686651
12.063492063492063 15795.51267349781
12.087912087912088 15657.203259717873
12.112332112332112 15516.741619423121
12.136752136752136 15373.64984828281
12.16117216117216 15228.56234941713
12.185592185592185 15081.346291713411
12.21001221001221 14931.941724363656
12.234432234432234 14781.15310157838
12.25885225885226 14628.528509399093
12.283272283272284 14474.294510753007
12.307692307692308 14318.953957635787
12.332112332112333 14163.488988527588
12.356532356532357 14007.189392155467
12.380952380952381 13850.360930484467
12.405372405372406 13693.369168512887
12.42979242979243 13536.093142274163
12.454212454212454 13378.976365744811
12.478632478632479 13222.019644818083
12.503052503052503 13066.384105689009
12.527472527472527 12911.312661478072
12.551892551892552 12757.044376381702
12.576312576312576 12604.432720429028
12.6007326007326 12453.751927572725
12.625152625152625 12303.676560478792
12.649572649572649 12156.470722639495
12.673992673992673 12010.948715560082
12.698412698412698 11867.883099703356
12.722832722832722 11726.741641416671
12.747252747252746 11588.713964763663
12.771672771672772 11453.603739660379
12.796092796092797 11321.17676542434
12.820512820512821 11192.051252024621
12.844932844932845 11065.492935828666
12.86935286935287 10942.718866701633
12.893772893772894 10823.693468058036
12.918192918192918 10707.553295371228
12.942612942612943 10595.170341597477
12.967032967032967 10486.34969205485
12.991452991452991 10381.547625388257
13.015873015873016 10280.902442499104
13.04029304029304 10183.120078792
13.064713064713064 10089.085354372939
13.089133089133089 9999.16295612417
13.113553113553113 9912.879896087306
13.137973137973137 9830.662370418666
13.162393162393162 9752.1540442398
13.186813186813186 9676.808160030898
13.21123321123321 9605.784868877905
13.235653235653235 9538.352072860913
13.260073260073261 9474.160656003909
13.284493284493285 9413.964671311996
13.30891330891331 9357.154639628494
13.333333333333334 9303.427638306008
13.357753357753358 9252.693090033536
13.382173382173383 9205.369547435474
13.406593406593407 9160.757051198303
13.431013431013431 9118.914114512145
13.455433455433456 9080.355129420372
13.47985347985348 9044.376601198448
13.504273504273504 9011.250958418783
13.528693528693529 8980.287966405278
13.553113553113553 8951.552758124184
13.577533577533577 8925.35621211959
13.601953601953602 8900.940082459614
13.626373626373626 8878.87260925606
13.65079365079365 8858.070604801323
13.675213675213675 8839.78051507766
13.699633699633699 8823.03467963149
13.724053724053723 8807.420510014323
13.748473748473748 8793.40595897854
13.772893772893774 8780.249301593607
13.797313797313798 8768.495451478626
13.821733821733822 8757.704448410188
13.846153846153847 8747.947673701154
13.870573870573871 8738.633161342817
13.894993894993895 8729.683719780276
13.91941391941392 8721.576546989025
13.943833943833944 8713.823682660786
13.968253968253968 8706.901417719448
13.992673992673993 8700.72933363797
14.017094017094017 8694.236891544342
14.041514041514041 8688.438289171272
14.065934065934066 8682.475444066675
14.09035409035409 8676.543608061127
14.114774114774114 8671.16103521078
14.139194139194139 8665.31169317392
14.163614163614163 8659.7501476298
14.188034188034187 8654.342109997851
14.212454212454212 8648.916840188465
14.236874236874236 8642.943598136824
14.261294261294262 8637.493747530301
14.285714285714286 8631.095232268295
14.31013431013431 8624.852891615232
14.334554334554335 8618.719389731441
14.35897435897436 8611.406415522084
14.383394383394384 8604.120086136561
14.407814407814408 8596.869996060403
14.432234432234432 8589.060833666987
14.456654456654457 8581.581758528848
14.481074481074481 8573.88557455437
14.505494505494505 8565.81549373929
14.52991452991453 8557.008082481994
14.554334554334554 8548.807207959167
14.578754578754578 8539.969605997117
14.603174603174603 8530.607516561027
14.627594627594627 8521.222375209658
14.652014652014651 8511.513176004892
14.676434676434676 8501.042230158928
14.7008547008547 8490.81750860392
14.725274725274724 8480.16193269993
14.749694749694749 8469.35907645111
14.774114774114775 8458.262032409597
14.7985347985348 8446.95614064349
14.822954822954824 8434.730598887945
14.847374847374848 8423.468435428558
14.871794871794872 8411.847523875684
14.896214896214897 8399.834581050472
14.920634920634921 8387.394094324043
14.945054945054945 8374.728804849008
14.96947496947497 8361.962123861525
14.993894993894994 8348.94841685974
15.018315018315018 8336.026716373275
15.042735042735043 8322.70720906225
15.067155067155067 8309.192972170225
15.091575091575091 8295.16561599184
15.115995115995116 8280.960208812887
15.14041514041514 8266.803227964097
15.164835164835164 8252.207974577503
15.189255189255189 8237.174841081338
15.213675213675213 8222.23460488649
15.238095238095237 8206.967482231303
15.262515262515263 8191.755008264062
15.286935286935288 8176.407292893578
15.311355311355312 8161.024626633914
15.335775335775336 8144.880280784376
15.36019536019536 8128.74847718161
15.384615384615385 8112.534189859672
15.40903540903541 8095.793792325853
15.433455433455434 8078.878516310901
15.457875457875458 8061.388237889692
15.482295482295482 8044.07388620988
15.506715506715507 8026.587675943881
15.531135531135531 8009.025783919632
15.555555555555555 7991.492501451944
15.57997557997558 7973.375811287631
15.604395604395604 7955.134912700394
15.628815628815628 7936.9969039536645
15.653235653235653 7918.327529748244
15.677655677655677 7899.7367544371
15.702075702075701 7881.010410894542
15.726495726495726 7862.647123116994
15.75091575091575 7844.020467998834
15.775335775335776 7825.490755840817
15.7997557997558 7806.613864803416
15.824175824175825 7788.12374467313
15.84859584859585 7769.5431636040785
15.873015873015873 7750.719857911539
15.897435897435898 7732.017136797795
15.921855921855922 7713.0151801503025
15.946275946275946 7694.403137898115
15.97069597069597 7675.824401110354
15.995115995115995 7657.861444492248
16.01953601953602 7639.4723821443795
16.043956043956044 7621.546583050143
16.068376068376068 7603.770371439325
16.092796092796092 7586.506129895633
16.117216117216117 7569.5355485611
16.14163614163614 7552.839489675465
16.166056166056165 7536.0906060404195
16.19047619047619 7519.424194495226
16.214896214896214 7503.366543737062
16.23931623931624 7487.574513632492
16.263736263736263 7471.542976445284
16.288156288156287 7456.320444110558
16.31257631257631 7441.2524599685
16.336996336996336 7426.769641413286
16.36141636141636 7412.3877229904765
16.385836385836384 7398.466265203454
16.41025641025641 7385.006128870935
16.434676434676433 7371.978138151606
16.459096459096457 7359.251506545349
16.483516483516482 7347.015777632407
16.50793650793651 7334.9583756538805
16.532356532356534 7323.428120204813
16.55677655677656 7312.395205093686
16.581196581196583 7302.2336063541725
16.605616605616607 7292.00713289621
16.63003663003663 7282.0817396156635
16.654456654456656 7272.7342936951745
16.67887667887668 7263.70894016378
16.703296703296704 7254.800949439104
16.72771672771673 7246.18437566221
16.752136752136753 7238.118657618655
16.776556776556777 7230.74184426014
16.8009768009768 7223.354498180959
16.825396825396826 7216.275089874809
16.84981684981685 7209.430421620055
16.874236874236875 7202.829853873677
16.8986568986569 7196.347552710686
16.923076923076923 7190.13223861875
16.947496947496948 7184.10009691011
16.971916971916972 7178.3611015466595
16.996336996336996 7172.822707393634
17.02075702075702 7167.44062855064
17.045177045177045 7162.468149254617
17.06959706959707 7157.33951920148
17.094017094017094 7152.387373060403
17.118437118437118 7147.154891361136
17.142857142857142 7142.2722608233735
17.167277167277167 7137.401090506918
17.19169719169719 7132.652818106857
17.216117216117215 7127.822275386489
17.24053724053724 7122.8319011033245
17.264957264957264 7118.087117593926
17.28937728937729 7113.269720719337
17.313797313797313 7108.106206211874
17.338217338217337 7102.786604494152
17.36263736263736 7097.374035983161
17.387057387057386 7091.743315271491
17.41147741147741 7086.1086626678525
17.435897435897434 7080.550762487207
17.46031746031746 7074.583976860804
17.484737484737483 7068.535459851271
17.50915750915751 7062.167189772869
17.533577533577535 7055.570542774078
17.55799755799756 7048.893792127354
17.582417582417584 7041.891644345379
17.60683760683761 7034.682830251619
17.631257631257633 7027.137987244817
17.655677655677657 7019.155324842257
17.68009768009768 7011.003094873298
17.704517704517706 7002.594824668917
17.72893772893773 6994.188981270557
17.753357753357754 6985.196977763868
17.77777777777778 6976.1794445121495
17.802197802197803 6966.718465642596
17.826617826617827 6957.299833290295
17.85103785103785 6947.203767939355
17.875457875457876 6937.076789113007
17.8998778998779 6926.522460819081
17.924297924297925 6915.8902099469315
17.94871794871795 6904.946632051683
17.973137973137973 6893.665300038537
17.997557997557998 6882.503057727556
18.021978021978022 6870.9156976028
18.046398046398046 6859.167153755807
18.07081807081807 6847.416908803301
18.095238095238095 6835.256397705115
18.11965811965812 6823.036577851079
18.144078144078144 6810.202828625797
18.168498168498168 6797.5768870545035
18.192918192918192 6784.6381978749
18.217338217338217 6771.735500683688
18.24175824175824 6758.830882398763
18.266178266178265 6745.684854242336
18.29059829059829 6732.345984003833
18.315018315018314 6718.912904546685
18.33943833943834 6705.548079507531
18.363858363858363 6692.049500887072
18.388278388278387 6678.5764881770365
18.41269841269841 6665.160237797435
18.437118437118436 6651.527105710804
18.46153846153846 6637.680793639754
18.485958485958484 6624.066679461618
18.510378510378512 6610.439910826698
18.534798534798536 6596.954024199099
18.55921855921856 6583.393037693381
18.583638583638585 6569.820018281602
18.60805860805861 6556.377774470801
18.632478632478634 6542.5762860120885
18.656898656898658 6529.100324308277
18.681318681318682 6515.413504148407
18.705738705738707 6501.784807230595
18.73015873015873 6488.438786696432
18.754578754578755 6475.115504021675
18.77899877899878 6461.725730239747
18.803418803418804 6448.655151950328
18.82783882783883 6435.32096823783
18.852258852258853 6422.157959907243
18.876678876678877 6409.240580883711
18.9010989010989 6396.344782927881
18.925518925518926 6383.418761958113
18.94993894993895 6370.40665266504
18.974358974358974 6357.545645877495
18.998778998779 6344.680761638441
19.023199023199023 6331.996941594882
19.047619047619047 6319.302090200605
19.072039072039072 6306.598880821571
19.096459096459096 6293.837194020045
19.12087912087912 6281.238433452036
19.145299145299145 6268.494495970262
19.16971916971917 6255.733101911907
19.194139194139193 6243.048452282767
19.218559218559218 6230.289843133884
19.242979242979242 6217.75972736523
19.267399267399266 6204.996194985677
19.29181929181929 6192.165601229805
19.316239316239315 6179.258407158592
19.34065934065934 6166.133331511453
19.365079365079364 6153.043441605951
19.389499389499388 6139.915543200692
19.413919413919412 6126.84939432162
19.438339438339437 6113.667245648427
19.46275946275946 6100.108270381494
19.487179487179485 6086.585500595538
19.511599511599513 6072.972500244625
19.536019536019538 6059.264179303262
19.560439560439562 6045.41399896453
19.584859584859586 6031.410783378369
19.60927960927961 6017.370437057972
19.633699633699635 6003.114823184267
19.65811965811966 5988.817305550093
19.682539682539684 5974.097314122037
19.706959706959708 5959.236005456107
19.731379731379732 5944.093962064442
19.755799755799757 5928.894369736651
19.78021978021978 5913.469237195067
19.804639804639805 5897.823504166152
19.82905982905983 5881.741148804883
19.853479853479854 5865.6662796690425
19.87789987789988 5849.362974795874
19.902319902319903 5832.931321525588
19.926739926739927 5816.219466169743
19.95115995115995 5799.36690557806
19.975579975579976 5782.149669085522
20.0 5764.639091750539
20.024420024420024 5747.024951446547
20.04884004884005 5729.116646398386
20.073260073260073 5710.953263986369
20.097680097680097 5692.564936323316
20.12210012210012 5674.009616108917
20.146520146520146 5655.216837999916
20.17094017094017 5636.393505870836
20.195360195360195 5617.203114971966
20.21978021978022 5597.797623227719
20.244200244200243 5578.305345076858
20.268620268620268 5558.626814105275
20.293040293040292 5538.750299898522
20.317460317460316 5518.70646216157
20.34188034188034 5498.415624596876
20.366300366300365 5478.0105807437985
20.39072039072039 5457.336364059421
20.415140415140414 5436.673656199096
20.439560439560438 5415.904877361324
20.463980463980462 5394.728609890984
20.488400488400487 5373.545083140033
20.512820512820515 5352.318913165216
20.53724053724054 5331.186247967615
20.561660561660563 5309.809994354049
20.586080586080588 5288.341056803475
20.610500610500612 5266.782262394007
20.634920634920636 5245.432975393566
20.65934065934066 5223.764932501836
20.683760683760685 5202.034593094445
20.70818070818071 5180.209723113486
20.732600732600734 5158.376952920251
20.757020757020758 5136.543858255441
20.781440781440782 5114.740132031201
20.805860805860807 5092.928856782945
20.83028083028083 5071.182960020251
20.854700854700855 5049.580386081375
20.87912087912088 5027.765383749363
20.903540903540904 5006.186269488847
20.927960927960928 4984.703892802503
20.952380952380953 4963.286340682121
20.976800976800977 4941.9614823599595
21.001221001221 4920.569769731436
21.025641025641026 4899.175820184857
21.05006105006105 4877.933774066644
21.074481074481074 4856.900637154204
21.0989010989011 4836.00209786403
21.123321123321123 4815.267707507275
21.147741147741147 4794.738643953795
21.17216117216117 4774.337786361929
21.196581196581196 4753.955031499695
21.22100122100122 4733.869566004835
21.245421245421245 4713.95322909982
21.26984126984127 4694.296971842213
21.294261294261293 4674.7103834883865
21.318681318681318 4655.204836567092
21.343101343101342 4635.850783783878
21.367521367521366 4616.812322896364
21.39194139194139 4597.8964298247765
21.416361416361415 4579.3013795313545
21.44078144078144 4560.790374452654
21.465201465201464 4542.515813515016
21.489621489621488 4524.478240659157
21.514041514041516 4506.735683357873
21.53846153846154 4488.940901255461
21.562881562881564 4471.408076964515
21.58730158730159 4454.2402277534675
21.611721611721613 4437.451595464299
21.636141636141637 4420.807491375594
21.66056166056166 4404.302965637977
21.684981684981686 4388.055746911189
21.70940170940171 4371.932769942261
21.733821733821735 4356.089737769825
21.75824175824176 4340.5033550847575
21.782661782661783 4324.9797446831635
21.807081807081808 4309.738128223959
21.831501831501832 4294.678789199912
21.855921855921856 4279.900629157105
21.88034188034188 4265.303932771502
21.904761904761905 4250.89467429592
21.92918192918193 4236.552926299484
21.953601953601954 4222.343610091506
21.978021978021978 4208.362144064923
22.002442002442002 4194.659708465949
22.026862026862027 4181.034949543052
22.05128205128205 4167.684907535169
22.075702075702075 4154.367768625255
22.1001221001221 4141.201785408541
22.124542124542124 4128.261851302092
22.14896214896215 4115.408155816133
22.173382173382173 4102.610755488992
22.197802197802197 4090.191781290409
22.22222222222222 4077.903048956618
22.246642246642246 4065.64842963421
22.27106227106227 4053.5323568619283
22.295482295482294 4041.4998155272733
22.31990231990232 4029.635529455156
22.344322344322343 4017.835676256073
22.368742368742367 4006.182788658802
22.39316239316239 3994.5318222290125
22.417582417582416 3982.9618959793715
22.44200244200244 3971.338141592504
22.466422466422465 3960.037282215915
22.49084249084249 3948.713489327093
22.515262515262517 3937.5249427136505
22.53968253968254 3926.4496616085735
22.564102564102566 3915.330952218947
22.58852258852259 3904.389498017919
22.612942612942614 3893.3609865646463
22.63736263736264 3882.422397718049
22.661782661782663 3871.5767373778567
22.686202686202687 3860.6488985089873
22.71062271062271 3849.6605877213105
22.735042735042736 3838.645865709271
22.75946275946276 3827.7410890737733
22.783882783882785 3816.9431221907803
22.80830280830281 3806.0020541497815
22.832722832722833 3795.1327933844373
22.857142857142858 3784.2322500711402
22.881562881562882 3773.2888067586446
22.905982905982906 3762.4235299551297
22.93040293040293 3751.5440350673084
22.954822954822955 3740.630337549595
22.97924297924298 3729.7861802034413
23.003663003663004 3718.8010342358098
23.028083028083028 3707.8800197554283
23.052503052503052 3696.8165339956436
23.076923076923077 3685.803051864072
23.1013431013431 3674.646032269875
23.125763125763125 3663.615857532263
23.15018315018315 3652.583838113334
23.174603174603174 3641.5007487489534
23.1990231990232 3630.170002517353
23.223443223443223 3619.0238896789115
23.247863247863247 3607.7704680942566
23.27228327228327 3596.3741594385724
23.296703296703296 3584.9489403440075
23.32112332112332 3573.6005556250084
23.345543345543344 3562.3112008831295
23.36996336996337 3550.8224707369195
23.394383394383393 3539.3062507571713
23.418803418803417 3527.6918714439207
23.44322344322344 3516.224581824157
23.467643467643466 3504.534557616491
23.49206349206349 3492.9399903606172
23.516483516483518 3481.199415306318
23.540903540903543 3469.4331496025575
23.565323565323567 3457.68965075154
23.58974358974359 3445.954589843505
23.614163614163616 3434.081120147021
23.63858363858364 3422.237211565726
23.663003663003664 3410.308080831856
23.68742368742369 3398.3956014378464
23.711843711843713 3386.3421379083347
23.736263736263737 3374.3153839552483
23.76068376068376 3362.2567679882204
23.785103785103786 3350.2513773604287
23.80952380952381 3338.0932380475515
23.833943833943835 3326.03224096267
23.85836385836386 3313.9865970096835
23.882783882783883 3301.904162655558
23.907203907203908 3289.7722233352015
23.931623931623932 3277.6882328607558
23.956043956043956 3265.452768481068
23.98046398046398 3253.3026084348667
24.004884004884005 3241.0621226048584
24.02930402930403 3228.6644109320932
24.053724053724054 3216.476363628934
24.078144078144078 3204.1895092701257
24.102564102564102 3192.0192180817075
24.126984126984127 3179.783962745908
24.15140415140415 3167.4929504269803
24.175824175824175 3155.284889659769
24.2002442002442 3143.065642343192
24.224664224664224 3130.898738100819
24.249084249084248 3118.7240800567542
24.273504273504273 3106.5371801915708
24.297924297924297 3094.295008836134
24.32234432234432 3082.1068967758706
24.346764346764346 3069.9585694355987
24.37118437118437 3057.8038075811414
24.395604395604394 3045.663293604316
24.42002442002442 3033.5360874309545
24.444444444444443 3021.483705314638
24.468864468864467 3009.3480606683015
24.49328449328449 2997.265050764325
24.51770451770452 2985.171684582722
24.542124542124544 2973.141516645757
24.566544566544568 2961.1500980665173
24.590964590964592 2949.1543031005804
24.615384615384617 2937.319897865568
24.63980463980464 2925.4447396889805
24.664224664224665 2913.5833870907563
24.68864468864469 2901.778248269336
24.713064713064714 2889.97895547303
24.73748473748474 2878.25104250843
24.761904761904763 2866.5157122618366
24.786324786324787 2854.7467062756286
24.81074481074481 2843.183473303433
24.835164835164836 2831.576336013244
24.85958485958486 2820.0386794969604
24.884004884004884 2808.558244657762
24.90842490842491 2797.068063407933
24.932844932844933 2785.6261338983118
24.957264957264957 2774.2858461196097
24.98168498168498 2762.945881198183
25.006105006105006 2751.6451815201804
25.03052503052503 2740.3356592592045
25.054945054945055 2729.146316817465
25.07936507936508 2718.002840568775
25.103785103785103 2706.892715858551
25.128205128205128 2695.80335474212
25.152625152625152 2684.8607815479168
25.177045177045176 2673.967778074417
25.2014652014652 2663.0490777308205
25.225885225885225 2652.161951793009
25.25030525030525 2641.3391615334863
25.274725274725274 2630.6080636195425
25.299145299145298 2619.906571500651
25.323565323565322 2609.357552583685
25.347985347985347 2598.830739592018
25.37240537240537 2588.2845599286347
25.396825396825395 2577.890818957625
25.42124542124542 2567.3871933803784
25.445665445665444 2557.0335744585964
25.47008547008547 2546.813303459644
25.494505494505493 2536.6437877883895
25.51892551892552 2526.5229469732126
25.543345543345545 2516.4726168333823
25.56776556776557 2506.48413559851
25.592185592185594 2496.5604681508203
25.616605616605618 2486.727753963424
25.641025641025642 2476.890127015466
25.665445665445667 2467.163522650242
25.68986568986569 2457.4580879044825
25.714285714285715 2447.7499114492025
25.73870573870574 2438.075096602979
25.763125763125764 2428.542097988741
25.78754578754579 2419.105160208812
25.811965811965813 2409.6913779538036
25.836385836385837 2400.34752720475
25.86080586080586 2391.0354391870587
25.885225885225886 2381.8201740639565
25.90964590964591 2372.674030432676
25.934065934065934 2363.546579661825
25.95848595848596 2354.5084535295846
25.982905982905983 2345.536404095484
26.007326007326007 2336.70087720772
26.03174603174603 2327.8938797722253
26.056166056166056 2319.124070554693
26.08058608058608 2310.4692211259858
26.105006105006105 2301.8571829210873
26.12942612942613 2293.2828653374563
26.153846153846153 2284.802811435795
26.178266178266178 2276.415104190948
26.202686202686202 2267.935873900972
26.227106227106226 2259.6681467340222
26.25152625152625 2251.4666369039846
26.275946275946275 2243.2518408109026
26.3003663003663 2235.156683974389
26.324786324786324 2227.149084371412
26.349206349206348 2219.200328515929
26.373626373626372 2211.266472250495
26.398046398046397 2203.4283468508443
26.42246642246642 2195.7259298176587
26.446886446886445 2188.033686659981
26.47130647130647 2180.417502696559
26.495726495726494 2172.8125832737155
26.520146520146522 2165.249626286385
26.544566544566546 2157.8114651813144
26.56898656898657 2150.384991038166
26.593406593406595 2143.0378487576727
26.61782661782662 2135.858892466875
26.642246642246644 2128.68841112183
26.666666666666668 2121.5701881546847
26.691086691086692 2114.5447326953476
26.715506715506717 2107.555442972138
26.73992673992674 2100.6479223286733
26.764346764346765 2093.782870341099
26.78876678876679 2086.9928412035033
26.813186813186814 2080.2955990780365
26.837606837606838 2073.601914927676
26.862026862026863 2066.9303839666995
26.886446886446887 2060.3370306195607
26.91086691086691 2053.839426926973
26.935286935286936 2047.3856204082804
26.95970695970696 2041.023777504454
26.984126984126984 2034.7093591746457
27.00854700854701 2028.4026352380513
27.032967032967033 2022.1045897790227
27.057387057387057 2015.9556640634958
27.08180708180708 2009.8034898120952
27.106227106227106 2003.7056905190366
27.13064713064713 1997.7118409522004
27.155067155067155 1991.7592494431274
27.17948717948718 1985.8203846747188
27.203907203907203 1979.9674588562082
27.228327228327228 1974.0983622997303
27.252747252747252 1968.3326266880429
27.277167277167276 1962.624891123278
27.3015873015873 1956.845003179777
27.326007326007325 1951.2681049615223
27.35042735042735 1945.6755765739156
27.374847374847374 1940.1423533158843
27.399267399267398 1934.645596944569
27.423687423687422 1929.2002031074956
27.448107448107447 1923.6680505304591
27.47252747252747 1918.2470274335003
27.496947496947495 1912.9230365056835
27.521367521367523 1907.626423550903
27.545787545787547 1902.3589570595498
27.57020757020757 1897.0470207232067
27.594627594627596 1891.8382138099537
27.61904761904762 1886.6379828069087
27.643467643467645 1881.51746998554
27.66788766788767 1876.46363634352
27.692307692307693 1871.4174949441872
27.716727716727718 1866.387843611836
27.741147741147742 1861.3578874858247
27.765567765567766 1856.36257594154
27.78998778998779 1851.3549727385564
27.814407814407815 1846.472487098176
27.83882783882784 1841.5131369473474
27.863247863247864 1836.6161242290434
27.887667887667888 1831.8087541643886
27.912087912087912 1826.974103587667
27.936507936507937 1822.166335942204
27.96092796092796 1817.365964241971
27.985347985347985 1812.5246817606715
28.00976800976801 1807.7443716800738
28.034188034188034 1802.969714182458
28.05860805860806 1798.2639152743893
28.083028083028083 1793.5796145725562
28.107448107448107 1788.8956592111583
28.13186813186813 1784.2350491627412
28.156288156288156 1779.5942113161966
28.18070818070818 1774.9352174515986
28.205128205128204 1770.347604430299
28.22954822954823 1765.72715773924
28.253968253968253 1761.1189976992293
28.278388278388277 1756.4599871518737
28.3028083028083 1751.866149355449
28.327228327228326 1747.3160055156648
28.35164835164835 1742.7612817745269
28.376068376068375 1738.1856041145156
28.4004884004884 1733.5436731459442
28.424908424908423 1729.0354253648115
28.449328449328448 1724.5139572159171
28.473748473748472 1719.9912561842123
28.498168498168496 1715.4683652767155
28.522588522588524 1710.9690747640116
28.54700854700855 1706.4331588429263
28.571428571428573 1701.8708583144896
28.595848595848597 1697.3595245323525
28.62026862026862 1692.8592841542736
28.644688644688646 1688.3806612038716
28.66910866910867 1683.8721367198318
28.693528693528695 1679.3771932989023
28.71794871794872 1674.8471105543674
28.742368742368743 1670.3252196999667
28.766788766788768 1665.7980071077648
28.791208791208792 1661.3472986694344
28.815628815628816 1656.8146013287926
28.84004884004884 1652.3041805340263
28.864468864468865 1647.7843921960098
28.88888888888889 1643.319918844864
28.913308913308914 1638.8424060397936
28.937728937728938 1634.3359583445215
28.962148962148962 1629.8654694064662
28.986568986568987 1625.3974823460007
29.01098901098901 1620.9643674310312
29.035409035409035 1616.4767600106252
29.05982905982906 1611.997340923879
29.084249084249084 1607.504589295034
29.10866910866911 1603.0436388389062
29.133089133089133 1598.5716359249334
29.157509157509157 1594.119552518288
29.18192918192918 1589.6204122155461
29.206349206349206 1585.0989116258752
29.23076923076923 1580.5800606790503
29.255189255189254 1576.0901595404357
29.27960927960928 1571.6188415543013
29.304029304029303 1567.1221026482106
29.328449328449327 1562.6868507329696
29.35286935286935 1558.2092398155778
29.377289377289376 1553.7411436893187
29.4017094017094 1549.2681709098326
29.426129426129425 1544.8112785429016
29.45054945054945 1540.2883344922059
29.474969474969473 1535.8191915804273
29.499389499389498 1531.3102244597278
29.523809523809526 1526.8587628969346
29.54822954822955 1522.4421229744462
29.572649572649574 1517.9547989400853
29.5970695970696 1513.496463919003
29.621489621489623 1509.0133713177472
29.645909645909647 1504.5108626213678
29.67032967032967 1500.065274089098
29.694749694749696 1495.6162901245948
29.71916971916972 1491.215000515529
29.743589743589745 1486.8153740552332
29.76800976800977 1482.4308546741397
29.792429792429793 1478.0198039948427
29.816849816849818 1473.6240981667593
29.841269841269842 1469.2121217941785
29.865689865689866 1464.8168633934695
29.89010989010989 1460.4301008521065
29.914529914529915 1456.0477972646252
29.93894993894994 1451.7050451187356
29.963369963369964 1447.3136494839061
29.987789987789988 1442.9440275932805
30.012210012210012 1438.5601235226372
30.036630036630036 1434.246687284037
30.06105006105006 1429.8383453082754
30.085470085470085 1425.539774941478
30.10989010989011 1421.2148425317
30.134310134310134 1416.8678854276936
30.158730158730158 1412.6091683574562
30.183150183150182 1408.3132942215602
30.207570207570207 1404.0776123597489
30.23199023199023 1399.8091919825183
30.256410256410255 1395.595406865837
30.28083028083028 1391.3629726039967
30.305250305250304 1387.1577371519363
30.32967032967033 1382.9566463310346
30.354090354090353 1378.7646315607392
30.378510378510377 1374.6180229472718
30.4029304029304 1370.396263498112
30.427350427350426 1366.2699148811312
30.45177045177045 1362.0993913926984
30.476190476190474 1357.9871483613226
30.5006105006105 1353.8904954713896
30.525030525030527 1349.8071832137193
30.54945054945055 1345.7522267343
30.573870573870575 1341.6905868262008
30.5982905982906 1337.6607692635346
30.622710622710624 1333.626083218519
30.64713064713065 1329.6104092673877
30.671550671550673 1325.6050610087138
30.695970695970697 1321.614828674993
30.72039072039072 1317.652534362935
30.744810744810746 1313.6831142706185
30.76923076923077 1309.7524429684358
30.793650793650794 1305.8327967203873
30.81807081807082 1301.943041645012
30.842490842490843 1298.0157573971528
30.866910866910867 1294.1494621816807
30.89133089133089 1290.3080789136457
30.915750915750916 1286.4837316128944
30.94017094017094 1282.6487627035553
30.964590964590965 1278.861022669486
30.98901098901099 1275.0705587900632
31.013431013431013 1271.3125505868297
31.037851037851038 1267.5483392918802
31.062271062271062 1263.8009732100998
31.086691086691086 1260.0772995336847
31.11111111111111 1256.381908356088
31.135531135531135 1252.6965945014872
31.15995115995116 1249.0347709099722
31.184371184371184 1245.3484073479485
31.208791208791208 1241.695719253778
31.233211233211232 1238.0695027572294
31.257631257631257 1234.4662655317895
31.28205128205128 1230.8589442994069
31.306471306471305 1227.3039390231347
31.33089133089133 1223.7446160366508
31.355311355311354 1220.2077357737662
31.37973137973138 1216.6507764343694
31.404151404151403 1213.1350780148798
31.428571428571427 1209.6523578617564
31.45299145299145 1206.1733447051977
31.477411477411476 1202.7139484379688
31.5018315018315 1199.239276806038
31.526251526251528 1195.8105403193454
31.550671550671552 1192.4105992969387
31.575091575091577 1188.961845587377
31.5995115995116 1185.5752133057165
31.623931623931625 1182.212216576535
31.64835164835165 1178.8131318470287
31.672771672771674 1175.4801482124608
31.6971916971917 1172.1431815366893
31.721611721611723 1168.8074204532502
31.746031746031747 1165.4941960834315
31.77045177045177 1162.171061842194
31.794871794871796 1158.9007471342732
31.81929181929182 1155.6372039574208
31.843711843711844 1152.3651364661052
31.86813186813187 1149.1100021735258
31.892551892551893 1145.8866903028356
31.916971916971917 1142.6622149253005
31.94139194139194 1139.432518325881
31.965811965811966 1136.215922479473
31.99023199023199 1133.0508777572595
32.014652014652015 1129.884230797459
32.03907203907204 1126.7499784107492
32.06349206349206 1123.6123034330224
32.08791208791209 1120.4868288314935
32.11233211233211 1117.3621688183684
32.136752136752136 1114.2454109135285
32.16117216117216 1111.1631277136446
32.185592185592185 1108.013970800702
32.21001221001221 1104.937457745451
32.234432234432234 1101.8105988881607
32.25885225885226 1098.7471405903586
32.28327228327228 1095.7010065840234
32.30769230769231 1092.6753376891456
32.33211233211233 1089.617413080939
32.356532356532355 1086.5890005852334
32.38095238095238 1083.5707757230552
32.405372405372404 1080.5406439070089
32.42979242979243 1077.5435881269018
32.45421245421245 1074.5641806334252
32.47863247863248 1071.5679376314731
32.5030525030525 1068.5914604469187
32.527472527472526 1065.6005702472012
32.55189255189255 1062.620203081486
32.576312576312574 1059.6768255844797
32.6007326007326 1056.7418323431039
32.62515262515262 1053.8035942192018
32.64957264957265 1050.845547666949
32.67399267399267 1047.9006670885863
32.698412698412696 1044.9677786481127
32.72283272283272 1042.042954277536
32.747252747252745 1039.1355287200508
32.77167277167277 1036.2260810090258
32.79609279609279 1033.3212816682121
32.82051282051282 1030.4005996061746
32.84493284493284 1027.4925461517737
32.869352869352866 1024.5729238342903
32.89377289377289 1021.6480512023545
32.918192918192915 1018.7769594692392
32.94261294261294 1015.9099948232714
32.967032967032964 1012.9893382021243
32.99145299145299 1010.1145644037733
33.01587301587302 1007.260819620823
33.040293040293044 1004.3785997517251
33.06471306471307 1001.5318307158946
33.08913308913309 998.701677736214
33.11355311355312 995.8802573351378
33.13797313797314 992.9565379297338
33.162393162393165 990.119103588214
33.18681318681319 987.2765574731154
33.211233211233214 984.4279653213478
33.23565323565324 981.5883538473172
33.26007326007326 978.7735175583373
33.28449328449329 975.9437980842557
33.30891330891331 973.1062978951333
33.333333333333336 970.2870172107656
33.35775335775336 967.4746124381668
33.382173382173384 964.6584911947724
33.40659340659341 961.8371894791422
33.43101343101343 959.0280006875377
33.45543345543346 956.2160795634404
33.47985347985348 953.3911730547895
33.504273504273506 950.6056492734577
33.52869352869353 947.8187204867521
33.553113553113555 945.0140627310435
33.57753357753358 942.2084018636962
33.6019536019536 939.4129861558023
33.62637362637363 936.626657648267
33.65079365079365 933.8354714709861
33.675213675213676 931.0321387099201
33.6996336996337 928.241943509662
33.724053724053725 925.4851312225536
33.74847374847375 922.7325465462684
33.772893772893774 919.9722204986797
33.7973137973138 917.2150423948925
33.82173382173382 914.4331810490079
33.84615384615385 911.6727677665625
33.87057387057387 908.9255418257715
33.894993894993895 906.177446061755
33.91941391941392 903.4263759512327
33.943833943833944 900.6624193466819
33.96825396825397 897.9186211213024
33.99267399267399 895.1729038300298
34.01709401709402 892.4088888163966
34.04151404151404 889.6692274753117
34.065934065934066 886.9206666662246
34.09035409035409 884.1906062615639
34.114774114774114 881.4305249039652
34.13919413919414 878.6647170143425
34.16361416361416 875.958219772456
34.18803418803419 873.2317790185804
34.21245421245421 870.495971249866
34.236874236874236 867.7632648451935
34.26129426129426 865.0599717006045
34.285714285714285 862.3504764256727
34.31013431013431 859.6599455976145
34.33455433455433 856.9684776273424
34.35897435897436 854.2817107179625
34.38339438339438 851.5963975542971
34.407814407814406 848.9052162682718
34.43223443223443 846.2234018543843
34.456654456654455 843.5435942179548
34.48107448107448 840.8639586666038
34.505494505494504 838.2027298143685
34.52991452991453 835.5279326859352
34.55433455433455 832.8348304240963
34.57875457875458 830.1813915626241
34.6031746031746 827.4998377984966
34.627594627594625 824.8547018155363
34.65201465201465 822.2025521209034
34.676434676434674 819.5510315132782
34.7008547008547 816.934328214582
34.72527472527472 814.2854502657202
34.74969474969475 811.669483629704
34.77411477411477 809.04817989851
34.798534798534796 806.4296528861513
34.82295482295482 803.8073441136115
34.847374847374844 801.1892516533229
34.87179487179487 798.5625607298778
34.89621489621489 795.9573848885057
34.92063492063492 793.360047294833
34.94505494505494 790.7569554163068
34.969474969474966 788.1872551240903
34.99389499389499 785.6080262410674
35.01831501831502 783.0412876788303
35.042735042735046 780.4535760127342
35.06715506715507 777.8924532472886
35.091575091575095 775.3366088621963
35.11599511599512 772.7916662079335
35.14041514041514 770.2424915191256
35.16483516483517 767.7072521027765
35.18925518925519 765.1505095300555
35.21367521367522 762.6184334498931
35.23809523809524 760.1084656835753
35.262515262515265 757.589749853827
35.28693528693529 755.0658547636945
35.311355311355314 752.5564756053082
35.33577533577534 750.0735773229449
35.36019536019536 747.5852500424935
35.38461538461539 745.0942590601624
35.40903540903541 742.6382212371374
35.433455433455435 740.1770934572364
35.45787545787546 737.714589387989
35.482295482295484 735.2461658180679
35.50671550671551 732.7950513331366
35.53113553113553 730.3692606482117
35.55555555555556 727.9245854523485
35.57997557997558 725.5073802926057
35.604395604395606 723.1025588318325
35.62881562881563 720.6821662236999
35.653235653235654 718.2726162841236
35.67765567765568 715.871151384796
35.7020757020757 713.4801707073326
35.72649572649573 711.1174366765757
35.75091575091575 708.7296643819112
35.775335775335776 706.3685180289992
35.7997557997558 703.996566353102
35.824175824175825 701.6502746883182
35.84859584859585 699.2984133186718
35.87301587301587 696.9731245625812
35.8974358974359 694.6574634226341
35.92185592185592 692.3421437201102
35.94627594627595 690.03877754545
35.97069597069597 687.7435482968442
35.995115995115995 685.4637604214114
36.01953601953602 683.1794482762396
36.043956043956044 680.8916331672048
36.06837606837607 678.6319645423185
36.09279609279609 676.3826958791566
36.11721611721612 674.1561522714566
36.14163614163614 671.8888806053754
36.166056166056165 669.6621653229523
36.19047619047619 667.4326599283972
36.214896214896214 665.1988878000011
36.23931623931624 662.998986921487
36.26373626373626 660.8103612943645
36.28815628815629 658.5972207063901
36.31257631257631 656.4133002295206
36.336996336996336 654.221306396028
36.36141636141636 652.0660196219767
36.385836385836384 649.921627164558
36.41025641025641 647.7874223404742
36.43467643467643 645.663849757138
36.45909645909646 643.543397831573
36.48351648351648 641.4250758048287
36.507936507936506 639.3187914619858
36.53235653235653 637.2311118359402
36.556776556776555 635.1442562353254
36.58119658119658 633.0517588250931
36.6056166056166 630.971002481794
36.63003663003663 628.9158307340058
36.65445665445665 626.8530626936927
36.67887667887668 624.8008015680493
36.7032967032967 622.7553900599183
36.727716727716725 620.7281277931838
36.75213675213675 618.710960562323
36.776556776556774 616.6971007396559
36.8009768009768 614.6771268099188
36.82539682539682 612.6832143401094
36.84981684981685 610.7079168906045
36.87423687423687 608.7340762315565
36.898656898656895 606.7513491609153
36.92307692307692 604.7910751479263
36.947496947496944 602.839541788916
36.97191697191697 600.8898835369349
36.99633699633699 598.9634806950335
37.020757020757024 597.0345646603372
37.04517704517705 595.1130646370561
37.06959706959707 593.2127673922931
37.0940170940171 591.3006121803452
37.11843711843712 589.4075584135475
37.142857142857146 587.5039203200416
37.16727716727717 585.6358713019146
37.191697191697195 583.7649639608575
37.21611721611722 581.9071088388632
37.24053724053724 580.0380621484321
37.26495726495727 578.1938011666125
37.28937728937729 576.3664181148318
37.313797313797316 574.549062627714
37.33821733821734 572.745145877579
37.362637362637365 570.945790466506
37.38705738705739 569.1648686819757
37.411477411477414 567.3716730077124
37.43589743589744 565.6035232356298
37.46031746031746 563.8353460773039
37.48473748473749 562.0663117865064
37.50915750915751 560.2979438031147
37.533577533577535 558.5548667567102
37.55799755799756 556.8107217553853
37.582417582417584 555.0841270123121
37.60683760683761 553.3572762230593
37.63125763125763 551.6463180689153
37.65567765567766 549.9328049603124
37.68009768009768 548.2297014823844
37.704517704517706 546.5445020210982
37.72893772893773 544.8629022842388
37.753357753357754 543.1834021305261
37.77777777777778 541.524127611739
37.8021978021978 539.8507049197204
37.82661782661783 538.2093372620893
37.85103785103785 536.567162247683
37.875457875457876 534.9386562277775
37.8998778998779 533.3164636573323
37.924297924297925 531.7043763043737
37.94871794871795 530.0958957435189
37.97313797313797 528.4866357477105
37.997557997558 526.8824415667708
38.02197802197802 525.3009130106924
38.046398046398046 523.7227803727532
38.07081807081807 522.1611599933575
38.095238095238095 520.5996517222277
38.11965811965812 519.0518072105181
38.144078144078144 517.4998136143774
38.16849816849817 515.9564102688461
38.19291819291819 514.4195583318341
38.21733821733822 512.8951713165691
38.24175824175824 511.36817919769055
38.266178266178265 509.86025287956227
38.29059829059829 508.3571073623069
38.315018315018314 506.84893322458686
38.33943833943834 505.3492439409105
38.36385836385836 503.86522938066065
38.38827838827839 502.372276720543
38.41269841269841 500.90548398448993
38.437118437118436 499.4251334637895
38.46153846153846 497.97549157895816
38.485958485958484 496.52061018091564
38.51037851037851 495.068294425041
38.53479853479853 493.6379830358646
38.55921855921856 492.20464412577724
38.58363858363858 490.76291884340617
38.608058608058606 489.3470353245567
38.63247863247863 487.94423166169696
38.656898656898655 486.5412656753324
38.68131868131868 485.14671558365774
38.7057387057387 483.759989773045
38.73015873015873 482.3640992208368
38.75457875457875 480.9858562676475
38.778998778998776 479.61344077881677
38.8034188034188 478.25390703070883
38.827838827838825 476.8922856054043
38.85225885225885 475.5416845550827
38.876678876678874 474.1831707814557
38.9010989010989 472.8353773784996
38.92551892551892 471.4859488139505
38.94993894993895 470.1628261505744
38.97435897435897 468.8300071929222
38.998778998778995 467.5199634019222
39.02319902319903 466.2135541850739
39.04761904761905 464.9017896235981
39.072039072039075 463.5959099629103
39.0964590964591 462.3024443805555
39.120879120879124 461.00408166434795
39.14529914529915 459.70578951822023
39.16971916971917 458.420994884015
39.1941391941392 457.15102751296615
39.21855921855922 455.8781664759306
39.242979242979246 454.6108040350151
39.26739926739927 453.3449094500053
39.291819291819294 452.07985623294775
39.31623931623932 450.8388671987898
39.34065934065934 449.5942645257833
39.36507936507937 448.35683777524736
39.38949938949939 447.12259334607376
39.413919413919416 445.88614849479706
39.43833943833944 444.64963721185893
39.462759462759465 443.4087547960475
39.48717948717949 442.2003322982329
39.51159951159951 440.9761768226122
39.53601953601954 439.7701814739564
39.56043956043956 438.56817314235263
39.584859584859586 437.37352496739715
39.60927960927961 436.1622866650781
39.633699633699635 434.96397642615693
39.65811965811966 433.77175277701537
39.682539682539684 432.5762293033678
39.70695970695971 431.39479107894965
39.73137973137973 430.2187730219814
39.75579975579976 429.0348745271017
39.78021978021978 427.8545334113251
39.804639804639805 426.68658660311314
39.82905982905983 425.5080909147866
39.853479853479854 424.3479778222528
39.87789987789988 423.18529288481994
39.9023199023199 422.03171650853875
39.92673992673993 420.87472243066003
39.95115995115995 419.7144107156074
39.975579975579976 418.561341888457
40.0 417.41257647008575
40.024420024420024 416.2608402651578
40.04884004884005 415.1227353570466
40.07326007326007 413.9862144745586
40.0976800976801 412.84524933464917
40.12210012210012 411.70005006413834
40.146520146520146 410.56827117564967
40.17094017094017 409.4372589385525
40.195360195360195 408.30588598629794
40.21978021978022 407.18245936107104
40.24420024420024 406.05074712675133
40.26862026862027 404.9277887215508
40.29304029304029 403.80353097743296
40.317460317460316 402.68015050459854
40.34188034188034 401.5486600587056
40.366300366300365 400.4223791916252
40.39072039072039 399.29246850757886
40.415140415140414 398.16732538783316
40.43956043956044 397.0463235907896
40.46398046398046 395.93264646528667
40.48840048840049 394.81974391949615
40.51282051282051 393.70021518132654
40.537240537240535 392.5876534929193
40.56166056166056 391.4691670005061
40.586080586080584 390.3459882346686
40.61050061050061 389.2292712468294
40.63492063492063 388.1173879197137
40.65934065934066 387.0022427310553
40.68376068376068 385.892903825566
40.708180708180706 384.7672233981247
40.73260073260073 383.65202918193097
40.757020757020754 382.53832411912794
40.78144078144078 381.4156970031111
40.8058608058608 380.2978484897737
40.83028083028083 379.1819486798896
40.85470085470085 378.05860380963696
40.879120879120876 376.9337276107886
40.9035409035409 375.8068182253898
40.927960927960925 374.68247052339456
40.95238095238095 373.551608168077
40.97680097680097 372.4243718094775
41.001221001221 371.30187234691
41.02564102564103 370.17257460648943
41.05006105006105 369.04679824161764
41.07448107448108 367.9107052147634
41.0989010989011 366.7769404929246
41.123321123321126 365.64424613953486
41.14774114774115 364.49811062448026
41.172161172161175 363.3641859961943
41.1965811965812 362.22138402252824
41.221001221001224 361.0791575418353
41.24542124542125 359.9282902262918
41.26984126984127 358.7686268809412
41.2942612942613 357.612694570369
41.31868131868132 356.4673190853106
41.343101343101345 355.31054878969877
41.36752136752137 354.15748194983627
41.391941391941394 353.00057159144285
41.41636141636142 351.83414730071
41.44078144078144 350.6601294369222
41.46520146520147 349.4978098894774
41.48962148962149 348.32198612613547
41.514041514041516 347.14458451711556
41.53846153846154 345.972749022961
41.562881562881564 344.79559532358354
41.58730158730159 343.6187217310036
41.61172161172161 342.42246590912487
41.63614163614164 341.22277499252846
41.66056166056166 340.02451218730096
41.684981684981686 338.82906066937255
41.70940170940171 337.62530370587393
41.733821733821735 336.4243829344329
41.75824175824176 335.21381624695965
41.78266178266178 334.0058831439764
41.80708180708181 332.77903851037496
41.83150183150183 331.5590124570509
41.855921855921856 330.3342644100743
41.88034188034188 329.10957600918545
41.904761904761905 327.8818242250978
41.92918192918193 326.6490571800515
41.953601953601954 325.4131368040905
41.97802197802198 324.1575923313394
42.002442002442 322.9045516323412
42.02686202686203 321.6548506970141
42.05128205128205 320.4019970192437
42.075702075702075 319.14141133658086
42.1001221001221 317.88072127137457
42.124542124542124 316.60882347080553
42.14896214896215 315.32968901061116
42.17338217338217 314.0523118248781
42.1978021978022 312.7759690169423
42.22222222222222 311.48183452151915
42.246642246642246 310.19857138446764
42.27106227106227 308.9079332373396
42.295482295482294 307.6016016818402
42.31990231990232 306.2970815191536
42.34432234432234 304.9936547256673
42.36874236874237 303.68624887674525
42.39316239316239 302.3746883378585
42.417582417582416 301.05434617440665
42.44200244200244 299.72106225393964
42.466422466422465 298.39539241529485
42.49084249084249 297.05396090934653
42.51526251526251 295.72276710109287
42.53968253968254 294.3852496626233
42.56410256410256 293.04248998273783
42.588522588522586 291.6828116548349
42.61294261294261 290.32327159883937
42.637362637362635 288.96796157051955
42.66178266178266 287.6076600035143
42.686202686202684 286.2372111795559
42.71062271062271 284.865572780994
42.73504273504273 283.4921533782412
42.75946275946276 282.1036325487574
42.78388278388278 280.7144758081858
42.808302808302805 279.3249730445309
42.83272283272283 277.93785403474845
42.857142857142854 276.5426943695644
42.88156288156288 275.14749703553304
42.9059829059829 273.7453409092922
42.93040293040293 272.32807457544953
42.95482295482295 270.9225831062589
42.979242979242976 269.51052866278604
43.003663003663 268.0965148041525
43.02808302808303 266.6751927974337
43.052503052503056 265.25036295244513
43.07692307692308 263.82234148960544
43.101343101343105 262.3827639854548
43.12576312576313 260.9392795373998
43.15018315018315 259.50531240459804
43.17460317460318 258.06037446864764
43.1990231990232 256.6201778944513
43.223443223443226 255.17551815227432
43.24786324786325 253.7124106141514
43.272283272283275 252.26014746631228
43.2967032967033 250.80371114381632
43.32112332112332 249.33942813130076
43.34554334554335 247.8766924973737
43.36996336996337 246.4216518670675
43.3943833943834 244.9625322933675
43.41880341880342 243.49241125132266
43.443223443223445 242.02821169427224
43.46764346764347 240.56488569980652
43.492063492063494 239.09357256423215
43.51648351648352 237.6188525107658
43.54090354090354 236.14457896149452
43.56532356532357 234.6736640084572
43.58974358974359 233.2013788169251
43.614163614163616 231.72484609354302
43.63858363858364 230.2454426598117
43.663003663003664 228.76699313675468
43.68742368742369 227.2831365781277
43.71184371184371 225.79970364554705
43.73626373626374 224.31977065751087
43.76068376068376 222.8376954762523
43.785103785103786 221.35374774674293
43.80952380952381 219.86864169719783
43.833943833943835 218.38017215794713
43.85836385836386 216.89447417824096
43.88278388278388 215.40667641799624
43.90720390720391 213.91966699206452
43.93162393162393 212.4366638319804
43.956043956043956 210.95520260823142
43.98046398046398 209.46863187629722
44.004884004884005 207.98271440937566
44.02930402930403 206.4968097815474
44.05372405372405 205.01673934845996
44.07814407814408 203.53307743926163
44.1025641025641 202.0530581770862
44.12698412698413 200.57212648399047
44.15140415140415 199.08985667222652
44.175824175824175 197.6061437390367
44.2002442002442 196.12367320985976
44.224664224664224 194.65137112188333
44.24908424908425 193.17725502685064
44.27350427350427 191.70704036378982
44.2979242979243 190.2390685506084
44.32234432234432 188.7695745978879
44.346764346764346 187.3015200935583
44.37118437118437 185.83841356962418
44.395604395604394 184.37618665057437
44.42002442002442 182.91914481672302
44.44444444444444 181.4610141352006
44.46886446886447 180.00844135691162
44.49328449328449 178.5522960778405
44.517704517704516 177.10397430123365
44.54212454212454 175.6585674057911
44.566544566544565 174.21614193898142
44.59096459096459 172.7766599376911
44.61538461538461 171.33594890077248
44.63980463980464 169.90592479575935
44.66422466422466 168.47382126030448
44.688644688644686 167.04331668990176
44.71306471306471 165.62383321395285
44.737484737484735 164.20058965453097
44.76190476190476 162.78522471446104
44.78632478632478 161.375824064582
44.81074481074481 159.97381184421835
44.83516483516483 158.57667368756185
44.85958485958486 157.17430038703733
44.88400488400488 155.77815754098194
44.908424908424905 154.3909305100452
44.93284493284493 153.01077696845917
44.957264957264954 151.63643827070936
44.98168498168498 150.26412996855362
45.006105006105 148.90110301875475
45.030525030525034 147.53503751384136
45.05494505494506 146.17872903341137
45.07936507936508 144.8244116707103
45.10378510378511 143.4778485960148
45.12820512820513 142.1388212021495
45.152625152625156 140.80750810329525
45.17704517704518 139.47653326347043
45.201465201465204 138.15810413928503
45.22588522588523 136.83655012796999
45.25030525030525 135.5256675653771
45.27472527472528 134.21788406886614
45.2991452991453 132.92270172934602
45.323565323565326 131.6324759300022
45.34798534798535 130.34918032014383
45.372405372405375 129.07368879517713
45.3968253968254 127.80205347566603
45.42124542124542 126.53477119688458
45.44566544566545 125.27242202928223
45.47008547008547 124.02222977395147
45.494505494505496 122.7708288174003
45.51892551892552 121.5324925520158
45.543345543345545 120.30425665724441
45.56776556776557 119.0818922883437
45.592185592185594 117.85919462327186
45.61660561660562 116.64576027351535
45.64102564102564 115.44258984706416
45.66544566544567 114.2448563975415
45.68986568986569 113.05665402653926
45.714285714285715 111.87391969247776
45.73870573870574 110.70124811843039
45.763125763125764 109.53373823122087
45.78754578754579 108.37292273025164
45.81196581196581 107.21193503329141
45.83638583638584 106.05643824234075
45.86080586080586 104.91575433639248
45.885225885225886 103.7844673001242
45.90964590964591 102.6609177990232
45.934065934065934 101.54874831842413
45.95848595848596 100.4425497401978
45.98290598290598 99.34323447027309
46.00732600732601 98.2525064563061
46.03174603174603 97.16599062288465
46.056166056166056 96.08877446029639
46.08058608058608 95.02037849582105
46.105006105006105 93.96134554598252
46.12942612942613 92.90691605256983
46.15384615384615 91.8595513938087
46.17826617826618 90.8238881726024
46.2026862026862 89.79105893192929
46.227106227106226 88.76483136576545
46.25152625152625 87.74912614270701
46.275946275946275 86.74252327263711
46.3003663003663 85.74612727152316
46.324786324786324 84.74645842932453
46.34920634920635 83.76307580012995
46.37362637362637 82.78679440817236
46.3980463980464 81.814436040087
46.42246642246642 80.85777066105149
46.446886446886445 79.9053412366516
46.47130647130647 78.9646889075617
46.495726495726494 78.02849078204572
46.52014652014652 77.09916426144511
46.54456654456654 76.17499757222619
46.56898656898657 75.2621262709482
46.59340659340659 74.35879941360582
46.617826617826616 73.45858451934282
46.64224664224664 72.57332180388455
46.666666666666664 71.69472468565445
46.69108669108669 70.81839094602302
46.71550671550671 69.9562911916272
46.73992673992674 69.10119693266688
46.76434676434676 68.24962636730656
46.788766788766786 67.40809363438073
46.81318681318681 66.57525009622957
46.837606837606835 65.75166735864501
46.86202686202686 64.93128587333184
46.88644688644688 64.11954619391028
46.91086691086691 63.31387655523686
46.93528693528693 62.51723704820337
46.959706959706956 61.72479940104641
46.98412698412698 60.94526356875076
47.008547008547005 60.17532822172172
47.032967032967036 59.408782073739616
47.05738705738706 58.64875240277168
47.081807081807085 57.90068550442606
47.10622710622711 57.15512718844186
47.130647130647134 56.41366878509345
47.15506715506716 55.68490791246432
47.17948717948718 54.9597071806851
47.20390720390721 54.24962191812584
47.22832722832723 53.546567293922756
47.252747252747255 52.84918466178306
47.27716727716728 52.15447758875892
47.301587301587304 51.46691008050422
47.32600732600733 50.791062618330706
47.35042735042735 50.12022714302916
47.37484737484738 49.45986491404267
47.3992673992674 48.80057701049132
47.423687423687426 48.14586478569618
47.44810744810745 47.498653737987155
47.472527472527474 46.86258342563061
47.4969474969475 46.22930051324498
47.52136752136752 45.60310551223481
47.54578754578755 44.99082265541306
47.57020757020757 44.38620850169905
47.594627594627596 43.787617047673635
47.61904761904762 43.19138793904781
47.643467643467645 42.6049462240084
47.66788766788767 42.024361996392685
47.69230769230769 41.44209162939781
47.71672771672772 40.87398889355891
47.74114774114774 40.31481523916353
47.765567765567766 39.760029606603986
47.78998778998779 39.209797743564174
47.814407814407815 38.66364114879306
47.83882783882784 38.12450762141754
47.863247863247864 37.59095722672613
47.88766788766789 37.066953301730436
47.91208791208791 36.54839045027281
47.93650793650794 36.03868017463511
47.96092796092796 35.531406397831184
47.985347985347985 35.02715159495977
48.00976800976801 34.526363676599786
48.034188034188034 34.030404415769524
48.05860805860806 33.54487768984984
48.08302808302808 33.067665159885706
48.10744810744811 32.5996185092267
48.13186813186813 32.1290825291224
48.156288156288156 31.667344689614552
48.18070818070818 31.213451595414444
48.205128205128204 30.757625017423845
48.22954822954823 30.31731078425954
48.25396825396825 29.88205812455818
48.27838827838828 29.450801452579768
48.3028083028083 29.026428258678283
48.327228327228326 28.602905750093083
48.35164835164835 28.186330304555764
48.376068376068375 27.771477759226368
48.4004884004884 27.362552814810247
48.42490842490842 26.96081229177683
48.44932844932845 26.56540644609887
48.47374847374847 26.176789630521007
48.498168498168496 25.79113290192291
48.52258852258852 25.40611570511764
48.547008547008545 25.022738395470885
48.57142857142857 24.646029695013315
48.595848595848594 24.273643147555134
48.62026862026862 23.91082575800191
48.64468864468864 23.5467492017965
48.66910866910867 23.19734972959459
48.69352869352869 22.846101407498747
48.717948717948715 22.497809095055377
48.74236874236874 22.156551696052112
48.766788766788764 21.82017150317512
48.79120879120879 21.486255117337876
48.81562881562881 21.16236261585043
48.84004884004884 20.844192379429973
48.86446886446886 20.525546618059057
48.888888888888886 20.21379540632815
48.91330891330891 19.895303144871516
48.937728937728934 19.586147237594744
48.96214896214896 19.28465407989297
48.98656898656898 18.98170824515614
49.01098901098901 18.69299764216636
49.03540903540904 18.404996059879505
49.05982905982906 18.115143949277197
49.08424908424909 17.82857775636319
49.10866910866911 17.554518211759262
49.133089133089136 17.282882631818104
49.15750915750916 17.01374189943822
49.181929181929185 16.739127820673996
49.20634920634921 16.480970766456252
49.23076923076923 16.218148485091604
49.25518925518926 15.965616899053149
49.27960927960928 15.7064782156053
49.30402930402931 15.449326866723785
49.32844932844933 15.199765269107944
49.352869352869355 14.95845411553183
49.37728937728938 14.725546687344677
49.401709401709404 14.48844954457706
49.42612942612943 14.257647393873599
49.45054945054945 14.029124960927414
49.47496947496948 13.805425297510359
49.4993894993895 13.583030150090378
49.523809523809526 13.364107899890401
49.54822954822955 13.149061466203205
49.572649572649574 12.941433595959651
49.5970695970696 12.73345297981724
49.62148962148962 12.527875575023629
49.64590964590965 12.32819181309893
49.67032967032967 12.11976357366684
49.694749694749696 11.923054857114296
49.71916971916972 11.724305927506853
49.743589743589745 11.53704449176094
49.76800976800977 11.347534032493183
49.79242979242979 11.162046659268897
49.81684981684982 10.979209503220693
49.84126984126984 10.794074782336809
49.865689865689866 10.61571542864833
49.89010989010989 10.435168690656992
49.914529914529915 10.256477235847976
49.93894993894994 10.090912695455296
49.96336996336996 9.922010717479925
49.98778998778999 9.756105702142362
50.01221001221001 9.592423064913381
